0.0014	0.0420
0.0035	0.0064
0.0059	0.0186
0.0088	0.0298
0.0119	0.0118
0.0152	0.0070
0.0199	0.0172
0.0257	0.0144
0.0323	0.0289
0.0396	0.0300
0.0497	0.0448
0.0617	0.0612
0.0745	0.0807
0.0877	0.1062
0.1039	0.1397
0.1221	0.1735
0.1424	0.2208
0.1636	0.2744
0.1842	0.3544
0.2044	0.4159
0.2238	0.4935
0.2424	0.5671
0.2595	0.6510
0.2753	0.7371
0.2895	0.8163
0.3066	0.9187
0.3248	1.0365
0.3453	1.1042
0.3681	1.2021
0.3927	1.2793
0.4201	1.3479
0.4511	1.4181
0.4844	1.4477
0.5171	1.5038
0.5490	1.5570
0.5755	1.6262
0.5945	1.6738
0.6196	1.7426
0.6479	1.8113
0.6680	1.8573
0.6840	1.8862
0.7061	1.9276
0.7322	1.9668
0.7524	2.0029
0.7686	2.0270
0.7824	2.0452
0.7944	2.0639
0.8048	2.0796
0.8140	2.0949
0.8218	2.1392
0.8257	2.1592
0.8272	2.0763
0.8299	1.9906
0.8357	1.8943
0.8466	1.8335
0.8594	1.9307
0.8838	1.7075
0.9244	1.6409
0.9597	1.6801
0.9792	1.7651
0.9918	1.6098
0.9990	1.6800
