0.001405062	432.50
0.003531602	43.58
0.005942288	19.26
0.008852664	11.54
0.011965302	9.97
0.015297612	6.79
0.020010951	6.62
0.025835806	4.87
0.032396802	4.40
0.039657973	3.41
0.049803908	3.65
0.061864062	3.13
0.074577824	3.02
0.087822388	2.58
0.104017923	2.76
0.122169897	2.42
0.142476673	2.40
0.163748298	2.26
0.184382768	2.42
0.204550303	2.07
0.223941265	2.07
0.242577676	2.16
0.259665902	2.16
0.275519296	2.35
0.289713404	2.72
0.306803725	2.87
0.325000016	2.85
0.345378327	4.39
0.368287776	4.47
0.392838255	5.87
0.420152537	7.55
0.451165989	9.12
0.484396568	9.79
0.517210657	10.53
0.549098071	10.83
0.575578241	10.50
0.59458907	10.78
0.619728427	10.92
0.648031339	11.50
0.6681356	12.52
0.68406648	12.63
0.706164474	13.30
0.732316943	13.44
0.752470597	13.78
0.768736766	13.50
0.782556218	13.62
0.794507398	14.51
0.804950445	13.68
0.814176866	13.32
0.821893142	13.78
0.825787439	14.06
0.827264833	14.10
0.830020549	14.95
0.835747122	15.28
0.846700183	15.86
0.85949134	14.77
0.883812914	15.42
0.924432895	13.36
0.95978438	11.01
0.979320988	9.96
0.991880721	11.44
0.999087327	16.21
