0.0010	0.2041
0.0024	0.1117
0.0031	0.0875
0.0039	0.0479
0.0047	0.0237
0.0056	0.0008
0.0066	0.0091
0.0078	0.0141
0.0092	0.0221
0.0109	0.0033
0.0131	0.0141
0.0154	0.0441
0.0190	0.0274
0.0236	0.0035
0.0288	0.0283
0.0344	0.0043
0.0418	0.0246
0.0502	0.0259
0.0585	0.0210
0.0729	0.0002
0.0931	0.0201
0.1209	0.0137
0.1618	0.0301
0.2092	0.0520
0.2554	0.1010
0.3055	0.1433
0.3585	0.2018
0.4121	0.2636
0.4634	0.3534
0.5109	0.4166
0.5567	0.5133
0.5978	0.6115
0.6335	0.6871
0.6622	0.7873
0.6840	0.8587
0.7001	0.9266
0.7215	0.9728
0.7433	1.1201
0.7618	1.2054
0.7810	1.2789
0.7948	1.3101
0.8016	1.3539
0.8030	1.3708
0.8054	1.3826
0.8089	1.3892
0.8114	1.3514
0.8135	1.3180
0.8171	1.2279
0.8220	1.2800
0.8295	1.1997
0.8384	1.2930
0.8494	1.2322
0.8767	1.0123
0.9328	0.7978
0.9793	0.8641
0.9944	0.8201
