0.0010	37.01
0.0024	25.86
0.0031	21.57
0.0039	16.76
0.0047	16.24
0.0056	15.21
0.0066	14.74
0.0078	14.38
0.0092	14.67
0.0109	14.55
0.0131	14.98
0.0154	14.48
0.0190	14.48
0.0236	14.71
0.0288	14.86
0.0344	14.87
0.0418	14.87
0.0502	15.03
0.0585	15.24
0.0729	15.40
0.0931	15.48
0.1209	15.63
0.1618	15.82
0.2092	16.01
0.2554	16.22
0.3055	16.43
0.3585	16.66
0.4121	16.87
0.4634	17.07
0.5109	17.31
0.5567	17.55
0.5978	17.83
0.6335	18.09
0.6622	18.36
0.6840	18.62
0.7001	18.88
0.7215	19.30
0.7433	19.69
0.7618	20.18
0.7810	20.62
0.7948	20.97
0.8016	21.18
0.8030	21.27
0.8054	21.27
0.8089	21.32
0.8114	21.56
0.8135	21.74
0.8171	22.19
0.8220	22.33
0.8295	23.30
0.8384	23.13
0.8494	24.39
0.8767	25.65
0.9328	25.67
0.9793	25.43
0.9944	26.61
